0.00000000 0.00000000 0.00000000 0.00000000 0.00000000 0.00000000 0.00000000 0.00000000 0.00000000 0.00000000 0.00000000 0.00000000 0.00000000 0.00000000 0.00000000
0.00000000 0.00000000 0.00000000 0.00000000 0.00000000 0.00000000 0.00000000 0.00000000 0.00000000 0.00000000 0.00000000 0.00000000 0.00000000 0.00000000 0.00000000
0.00000000 0.00000000 0.00000000 0.00000000 0.00000000 0.00000000 0.00000000 0.00000000 0.00000000 0.00000000 0.00000000 0.00000000 0.00000000 0.00000000 0.00000000
0.00000000 0.00000000 0.00000000 0.00000000 0.00000000 0.00000000 0.00000000 0.00000000 0.00000000 0.00000000 0.00000000 0.00000000 0.00000000 0.00000000 0.00000000
0.00000000 0.00000000 0.00000000 0.00000000 0.00000000 0.00000000 0.00000000 0.00000000 0.00000000 0.00000000 0.00000000 0.00000000 0.00000000 0.00000000 0.00000000
0.00000000 0.00000000 0.00000000 0.00000000 0.00000000 0.00000000 0.00000000 0.00000000 0.00000000 0.00000000 0.00000000 0.00000000 0.00000000 0.00000000 0.00000000
0.00000000 0.00000000 0.00000000 0.00000000 0.00000000 0.00000000 0.00000000 0.00000000 0.00000000 0.00000000 0.00000000 0.00000000 0.00000000 0.00000000 0.00000000
0.09449963 0.13633150 0.11211563 -0.13398024 -0.17632625 0.11335793 0.17310247 -0.29040498 0.01699963 -0.45462730 -0.63300302 -0.04511107 0.13900898 -0.04325687 -0.39092837
0.09449963 0.13633150 0.11211563 -0.13398024 -0.17632625 0.11335793 0.17310247 -0.29040498 0.01699963 -0.45462730 -0.63300302 -0.04511107 0.13900898 -0.04325687 -0.39092837
0.09449963 0.13633150 0.11211563 -0.13398024 -0.17632625 0.11335793 0.17310247 -0.29040498 0.01699963 -0.45462730 -0.63300302 -0.04511107 0.13900898 -0.04325687 -0.39092837
0.00171282 0.00914168 -0.23906556 0.37465398 -0.20955042 0.01381802 0.14229234 -0.02858848 0.06612445 -0.38511170 -0.71272194 -0.02172945 -0.01527851 -0.01263734 -0.27514992
0.03042589 -0.29014883 0.13964757 -0.14298635 0.21858312 -0.12280541 0.10132794 -0.32461695 -0.26498842 -0.67243211 0.07028663 0.00419202 0.00667827 0.08229371 -0.40283951
0.30200341 -0.06919330 -0.28601577 0.08427643 -0.04689827 -0.33617464 0.12188768 0.06277084 -0.56179281 -0.23208960 -0.51602199 -0.01027035 0.19920080 0.03748929 0.06435638
0.09449963 0.13633150 0.11211563 -0.13398024 -0.17632625 0.11335793 0.17310247 -0.29040498 0.01699963 -0.45462730 -0.63300302 -0.04511107 0.13900898 -0.04325687 -0.39092837
0.00000000 0.00000000 0.00000000 0.00000000 0.00000000 0.00000000 0.00000000 0.00000000 0.00000000 0.00000000 0.00000000 0.00000000 0.00000000 0.00000000 0.00000000
0.00000000 0.00000000 0.00000000 0.00000000 0.00000000 0.00000000 0.00000000 0.00000000 0.00000000 0.00000000 0.00000000 0.00000000 0.00000000 0.00000000 0.00000000
0.00000000 0.00000000 0.00000000 0.00000000 0.00000000 0.00000000 0.00000000 0.00000000 0.00000000 0.00000000 0.00000000 0.00000000 0.00000000 0.00000000 0.00000000
0.00000000 0.00000000 0.00000000 0.00000000 0.00000000 0.00000000 0.00000000 0.00000000 0.00000000 0.00000000 0.00000000 0.00000000 0.00000000 0.00000000 0.00000000
0.00000000 0.00000000 0.00000000 0.00000000 0.00000000 0.00000000 0.00000000 0.00000000 0.00000000 0.00000000 0.00000000 0.00000000 0.00000000 0.00000000 0.00000000
0.00000000 0.00000000 0.00000000 0.00000000 0.00000000 0.00000000 0.00000000 0.00000000 0.00000000 0.00000000 0.00000000 0.00000000 0.00000000 0.00000000 0.00000000
0.00000000 0.00000000 0.00000000 0.00000000 0.00000000 0.00000000 0.00000000 0.00000000 0.00000000 0.00000000 0.00000000 0.00000000 0.00000000 0.00000000 0.00000000
0.00000000 0.00000000 0.00000000 0.00000000 0.00000000 0.00000000 0.00000000 0.00000000 0.00000000 0.00000000 0.00000000 0.00000000 0.00000000 0.00000000 0.00000000
0.00000000 0.00000000 0.00000000 0.00000000 0.00000000 0.00000000 0.00000000 0.00000000 0.00000000 0.00000000 0.00000000 0.00000000 0.00000000 0.00000000 0.00000000
0.00000000 0.00000000 0.00000000 0.00000000 0.00000000 0.00000000 0.00000000 0.00000000 0.00000000 0.00000000 0.00000000 0.00000000 0.00000000 0.00000000 0.00000000
0.00000000 0.00000000 0.00000000 0.00000000 0.00000000 0.00000000 0.00000000 0.00000000 0.00000000 0.00000000 0.00000000 0.00000000 0.00000000 0.00000000 0.00000000
0.00000000 0.00000000 0.00000000 0.00000000 0.00000000 0.00000000 0.00000000 0.00000000 0.00000000 0.00000000 0.00000000 0.00000000 0.00000000 0.00000000 0.00000000
0.00000000 0.00000000 0.00000000 0.00000000 0.00000000 0.00000000 0.00000000 0.00000000 0.00000000 0.00000000 0.00000000 0.00000000 0.00000000 0.00000000 0.00000000
0.00000000 0.00000000 0.00000000 0.00000000 0.00000000 0.00000000 0.00000000 0.00000000 0.00000000 0.00000000 0.00000000 0.00000000 0.00000000 0.00000000 0.00000000
-0.31043227 0.00862785 -0.13489787 0.25570190 -0.09700661 0.03847920 0.07860722 -0.03201715 0.60963586 0.28327409 -0.45892092 -0.36566875 0.02680176 0.03355157 0.06176697
-0.31043227 0.00862785 -0.13489787 0.25570190 -0.09700661 0.03847920 0.07860722 -0.03201715 0.60963586 0.28327409 -0.45892092 -0.36566875 0.02680176 0.03355157 0.06176697
-0.31043227 0.00862785 -0.13489787 0.25570190 -0.09700661 0.03847920 0.07860722 -0.03201715 0.60963586 0.28327409 -0.45892092 -0.36566875 0.02680176 0.03355157 0.06176697
-0.03024588 0.06917507 -0.14043466 0.05754085 -0.01442908 0.08479309 0.13758827 0.10887235 -0.30453234 0.29751939 -0.86215451 -0.02297467 -0.06005966 -0.06618169 -0.00149209
-0.31043227 0.00862785 -0.13489787 0.25570190 -0.09700661 0.03847920 0.07860722 -0.03201715 0.60963586 0.28327409 -0.45892092 -0.36566875 0.02680176 0.03355157 0.06176697
-0.31043227 0.00862785 -0.13489787 0.25570190 -0.09700661 0.03847920 0.07860722 -0.03201715 0.60963586 0.28327409 -0.45892092 -0.36566875 0.02680176 0.03355157 0.06176697
-0.31043227 0.00862785 -0.13489787 0.25570190 -0.09700661 0.03847920 0.07860722 -0.03201715 0.60963586 0.28327409 -0.45892092 -0.36566875 0.02680176 0.03355157 0.06176697
