0.00106602 0.01938168 -0.04364101 0.02105979 -0.00317875 0.16934360 0.61387322 -0.01420304 -0.04682524 -0.00132667 0.51116569 0.57218967 0.01435838 -0.01764468 -0.01193759
-0.12590799 -0.08425165 -0.03847163 -0.11012441 -0.15706102 -0.07906405 -0.01030801 0.19426351 0.32194442 0.07091149 0.02924022 0.07508136 -0.09714699 -0.01703543 0.87737161
0.00319717 0.02889068 -0.05651610 0.03651927 -0.00066128 0.26360035 0.95163485 -0.01864214 -0.07480418 -0.00957090 -0.09020866 0.07311166 -0.00100242 -0.00215827 0.00308734
0.15709111 -0.06086980 0.72060804 -0.16600098 0.07818493 0.01210293 0.04591486 0.02543454 -0.07856218 -0.28790178 0.03919480 0.07773372 -0.08797367 0.00707775 0.55798104
-0.16298935 0.05453754 -0.47796580 0.71565491 -0.28028846 -0.06165105 -0.05222231 -0.00784452 0.02627583 0.31488236 -0.08056577 0.07967199 0.01721942 -0.03665784 -0.17428595
-0.20076966 0.08291208 -0.21953997 0.34309871 -0.07598665 -0.05266923 -0.02608793 -0.12497792 0.08742995 -0.25848307 -0.14116931 0.47183631 -0.00016710 0.07284157 -0.66312355
-0.00783082 -0.03262783 0.05132097 -0.03099645 -0.01417631 -0.21813604 -0.79681258 0.03061504 0.06234525 0.00368885 -0.55434800 0.00922909 -0.01557887 0.00795214 0.00736592
0.09449963 0.13633150 0.11211563 -0.13398024 -0.17632625 0.11335793 0.17310247 -0.29040498 0.01699963 -0.45462730 -0.63300302 -0.04511107 0.13900898 -0.04325687 -0.39092837
0.23700503 -0.09531165 0.62164786 -0.43497250 0.15959553 0.03382491 0.04744882 -0.01730644 0.12904002 -0.26154553 -0.13972257 0.06169291 -0.08907232 0.01697494 -0.46186965
0.12434004 -0.03892906 0.35308004 -0.51562085 0.20654139 0.02960031 -0.02229435 0.00717212 -0.03720734 -0.25344626 -0.69375892 -0.02134978 -0.00513133 0.03067391 -0.00811496
0.15123776 -0.08385558 0.09098630 0.04689591 -0.06043477 0.04883384 0.10848410 -0.13617927 0.56330287 -0.57685009 -0.21537720 -0.00645685 0.03757809 0.02322446 0.47415217
0.00364437 0.02894770 -0.05631152 0.03649228 -0.00067907 0.26447622 0.95398640 -0.01840027 -0.07490190 -0.00989706 -0.08853897 -0.02676649 -0.00110177 -0.00097607 0.00182066
0.12557805 -0.05433604 0.57615814 -0.02439329 0.01877620 0.00296421 0.03963701 0.00776047 -0.03770954 -0.14437740 0.03660938 0.12672481 -0.09069070 0.00181132 0.77384592
0.00417005 0.00119204 -0.01251130 -0.00740932 -0.00476696 0.02167833 0.08623031 0.00244462 -0.00394829 0.00715679 0.99511188 0.01901543 0.02644087 -0.01670151 -0.01346638
-0.21153708 0.04600903 -0.08164830 0.23495788 -0.05664379 0.06815930 -0.00006672 -0.17520770 0.40555997 -0.13257182 -0.01481408 0.24475587 -0.00521974 -0.04513782 -0.78004352
0.06154539 -0.03576532 0.34153681 -0.08191014 0.02895425 0.00252515 0.00791977 0.00477543 0.00474226 -0.20962680 -0.24085393 0.00671785 -0.18326255 0.05582007 0.85552523
0.04346429 -0.00859257 -0.05657518 -0.00444654 -0.01551238 0.01379288 0.02658173 -0.00850552 -0.00472130 -0.14325571 -0.25002307 -0.03462210 0.08054750 -0.10752743 -0.94408788
-0.31043227 0.00862785 -0.13489787 0.25570190 -0.09700661 0.03847920 0.07860722 -0.03201715 0.60963586 0.28327409 -0.45892092 -0.36566875 0.02680176 0.03355157 0.06176697
-0.10832908 0.03440872 -0.32419249 0.45960375 -0.17771108 -0.03946247 -0.03081846 -0.00474654 -0.00450323 0.34530226 0.01592318 -0.03030130 -0.01649736 -0.12028751 0.70814317
-0.19176009 0.07076060 -0.15070708 0.28277665 -0.12677710 -0.05863258 -0.02004981 0.00066506 -0.16479232 0.26403453 -0.04440749 0.14941650 0.12503898 -0.02159923 -0.83568162
-0.35934245 0.00326217 -0.09305475 0.35447709 -0.21093176 -0.02501591 0.04455014 -0.15833264 0.78168035 0.15318332 -0.01468666 0.02487959 -0.01611072 0.11014585 -0.12907966
