0.00000000 0.00000000 0.00000000 0.00000000 0.00000000 0.00000000 0.00000000 0.00000000 0.00000000 0.00000000 0.00000000 0.00000000 0.00000000 0.00000000 0.00000000
0.00000000 0.00000000 0.00000000 0.00000000 0.00000000 0.00000000 0.00000000 0.00000000 0.00000000 0.00000000 0.00000000 0.00000000 0.00000000 0.00000000 0.00000000
0.00000000 0.00000000 0.00000000 0.00000000 0.00000000 0.00000000 0.00000000 0.00000000 0.00000000 0.00000000 0.00000000 0.00000000 0.00000000 0.00000000 0.00000000
0.00000000 0.00000000 0.00000000 0.00000000 0.00000000 0.00000000 0.00000000 0.00000000 0.00000000 0.00000000 0.00000000 0.00000000 0.00000000 0.00000000 0.00000000
0.00000000 0.00000000 0.00000000 0.00000000 0.00000000 0.00000000 0.00000000 0.00000000 0.00000000 0.00000000 0.00000000 0.00000000 0.00000000 0.00000000 0.00000000
0.00000000 0.00000000 0.00000000 0.00000000 0.00000000 0.00000000 0.00000000 0.00000000 0.00000000 0.00000000 0.00000000 0.00000000 0.00000000 0.00000000 0.00000000
0.00000000 0.00000000 0.00000000 0.00000000 0.00000000 0.00000000 0.00000000 0.00000000 0.00000000 0.00000000 0.00000000 0.00000000 0.00000000 0.00000000 0.00000000
0.09449963 0.13633150 0.11211563 -0.13398024 -0.17632625 0.11335793 0.17310247 -0.29040498 0.01699963 -0.45462730 -0.63300302 -0.04511107 0.13900898 -0.04325687 -0.39092837
0.09449963 0.13633150 0.11211563 -0.13398024 -0.17632625 0.11335793 0.17310247 -0.29040498 0.01699963 -0.45462730 -0.63300302 -0.04511107 0.13900898 -0.04325687 -0.39092837
0.09449963 0.13633150 0.11211563 -0.13398024 -0.17632625 0.11335793 0.17310247 -0.29040498 0.01699963 -0.45462730 -0.63300302 -0.04511107 0.13900898 -0.04325687 -0.39092837
0.26898265 0.18644818 -0.22671914 0.18972022 0.14415755 0.22423451 0.14684227 -0.08752866 0.00000000 -0.05591120 0.04015583 0.56347059 -0.18285696 -0.58762362 0.06502153
-0.45848135 0.65750350 0.00588245 0.00844666 -0.00088449 0.45815856 -0.05725366 0.23965962 0.26800891 -0.07547702 0.08332357 0.00037016 -0.00698924 -0.01344077 -0.04533500
0.03042589 -0.29014883 0.13964757 -0.14298635 0.21858312 -0.12280541 0.10132794 -0.32461695 -0.26498842 -0.67243211 0.07028663 0.00419202 0.00667827 0.08229371 -0.40283951
0.30200341 -0.06919330 -0.28601577 0.08427643 -0.04689827 -0.33617464 0.12188768 0.06277084 -0.56179281 -0.23208960 -0.51602199 -0.01027035 0.19920080 0.03748929 0.06435638
0.09449963 0.13633150 0.11211563 -0.13398024 -0.17632625 0.11335793 0.17310247 -0.29040498 0.01699963 -0.45462730 -0.63300302 -0.04511107 0.13900898 -0.04325687 -0.39092837
0.19926892 -0.06826510 -0.24460605 -0.18612927 0.05443975 -0.87660747 0.23058778 0.02298454 0.17628285 0.04504841 -0.04619410 -0.00230622 0.01762917 0.02055309 -0.00864613
0.03042589 -0.29014883 0.13964757 -0.14298635 0.21858312 -0.12280541 0.10132794 -0.32461695 -0.26498842 -0.67243211 0.07028663 0.00419202 0.00667827 0.08229371 -0.40283951
0.30200341 -0.06919330 -0.28601577 0.08427643 -0.04689827 -0.33617464 0.12188768 0.06277084 -0.56179281 -0.23208960 -0.51602199 -0.01027035 0.19920080 0.03748929 0.06435638
0.09449963 0.13633150 0.11211563 -0.13398024 -0.17632625 0.11335793 0.17310247 -0.29040498 0.01699963 -0.45462730 -0.63300302 -0.04511107 0.13900898 -0.04325687 -0.39092837
0.00000000 0.00000000 0.00000000 0.00000000 0.00000000 0.00000000 0.00000000 0.00000000 0.00000000 0.00000000 0.00000000 0.00000000 0.00000000 0.00000000 0.00000000
0.00000000 0.00000000 0.00000000 0.00000000 0.00000000 0.00000000 0.00000000 0.00000000 0.00000000 0.00000000 0.00000000 0.00000000 0.00000000 0.00000000 0.00000000
0.00000000 0.00000000 0.00000000 0.00000000 0.00000000 0.00000000 0.00000000 0.00000000 0.00000000 0.00000000 0.00000000 0.00000000 0.00000000 0.00000000 0.00000000
0.00000000 0.00000000 0.00000000 0.00000000 0.00000000 0.00000000 0.00000000 0.00000000 0.00000000 0.00000000 0.00000000 0.00000000 0.00000000 0.00000000 0.00000000
0.00000000 0.00000000 0.00000000 0.00000000 0.00000000 0.00000000 0.00000000 0.00000000 0.00000000 0.00000000 0.00000000 0.00000000 0.00000000 0.00000000 0.00000000
0.00000000 0.00000000 0.00000000 0.00000000 0.00000000 0.00000000 0.00000000 0.00000000 0.00000000 0.00000000 0.00000000 0.00000000 0.00000000 0.00000000 0.00000000
0.00000000 0.00000000 0.00000000 0.00000000 0.00000000 0.00000000 0.00000000 0.00000000 0.00000000 0.00000000 0.00000000 0.00000000 0.00000000 0.00000000 0.00000000
